		A	B	C	D	NEXTWEEKBAP	BAP	CONF	BD	SAC	PK	OL	NIMISSFIND	NIMEMREF	RCLA	LAC	RCT
2016:1:2:7:ANKANG_E	0	0	0	0	0	0	0	0	0	0	0	0	0	0	0	0
2016:1:2:7:BADE_A_E	0	2	0	3	2	0	0	8	0	6	2	4	0	4	0	0
2016:1:2:7:BADE_B_E	0	1	3	4	1	0	0	12	0	3	1	1	0	1	0	0
2016:1:2:7:BADE_S	1	0	0	2	1	0	0	3	0	2	4	3	0	1	0	0
2016:1:2:7:BANQIAO_S	0	0	0	1	0	0	0	1	0	2	17	2	0	1	0	0
2016:1:2:7:BEITOU_E	0	0	0	1	0	0	0	1	0	3	2	2	0	4	0	0
2016:1:2:7:BEITOU_S	0	0	3	3	0	0	0	10	0	9	6	4	0	4	0	0
2016:1:2:7:DANFENG_E	0	3	3	3	0	0	0	9	0	3	0	0	0	3	0	0
2016:1:2:7:DANSHUI_E	1	1	1	3	1	0	0	6	0	4	4	2	0	0	0	0
2016:1:2:7:GUISHAN_E	0	0	3	1	0	1	0	13	0	3	5	1	0	0	0	0
2016:1:2:7:HUALIAN_1_E	0	0	2	4	1	0	0	7	0	6	5	3	0	3	0	0
2016:1:2:7:HUALIAN_3_A_E	0	0	2	1	1	0	0	4	0	3	4	4	0	0	0	0
2016:1:2:7:HUALIAN_3_B_E	0	0	4	4	1	0	0	8	0	4	3	3	0	4	0	0
2016:1:2:7:JIAN_E	0	1	1	2	2	0	0	6	0	5	4	4	0	5	0	0
2016:1:2:7:JILONG_A_E	0	0	2	4	3	0	0	6	0	6	5	3	0	3	0	0
2016:1:2:7:JILONG_B_E	0	0	0	3	0	0	0	3	0	2	3	0	0	14	0	0
2016:1:2:7:JINGXIN_E	0	0	1	3	6	8	0	0	0	6	10	6	0	1	0	0
2016:1:2:7:JINGXIN_S	0	0	0	0	0	0	0	0	0	3	5	1	0	0	0	0
2016:1:2:7:LONGTAN_E	0	0	0	2	0	0	0	4	0	4	3	0	0	2	0	0
2016:1:2:7:LUODONG_A_E	0	0	0	0	2	0	0	4	0	6	3	3	0	0	0	0
2016:1:2:7:LUODONG_B_E	0	0	0	5	1	0	0	7	0	3	6	2	0	3	0	0
2016:1:2:7:LUZHOU_E	1	0	3	1	0	0	0	5	0	5	1	0	0	4	0	1
2016:1:2:7:MIAOLI_A_E	0	0	1	2	1	0	0	3	0	6	2	1	0	2	0	0
2016:1:2:7:MIAOLI_B_E	0	0	2	2	0	0	0	4	0	3	0	1	0	2	0	0
2016:1:2:7:MUZHA_E	0	0	1	4	0	0	0	7	0	6	7	3	0	2	0	0
2016:1:2:7:MUZHA_S	0	0	1	5	0	0	0	6	0	4	3	1	0	0	0	0
2016:1:2:7:NANKAN_E	0	0	0	1	0	0	0	1	0	1	4	1	0	0	0	0
2016:1:2:7:NANKAN_S	0	0	3	2	1	0	0	5	0	6	6	4	0	2	0	0
2016:1:2:7:NEIHU_S	0	0	1	2	0	0	0	3	0	2	3	1	0	0	0	0
2016:1:2:7:NORTH_JINHUA_E	0	0	2	4	0	0	0	8	0	2	9	3	0	3	0	0
2016:1:2:7:OFFICE_E	0	0	0	1	0	0	0	1	0	2	5	0	0	0	0	0
2016:1:2:7:SANCHONG_E	0	0	2	2	0	0	0	4	0	8	2	2	0	1	0	0
2016:1:2:7:SANCHONG_S	0	1	2	0	0	0	0	3	0	3	8	1	0	1	0	0
2016:1:2:7:SANXIA_B	0	0	0	1	0	0	0	1	0	1	7	2	0	1	0	0
2016:1:2:7:SHILIN_E	0	1	1	1	1	0	0	3	0	3	8	0	0	2	0	0
2016:1:2:7:SHILIN_S	0	0	0	6	0	0	0	6	0	0	10	6	0	1	0	0
2016:1:2:7:SIYUAN_E	0	0	1	2	0	0	0	4	0	5	2	0	0	3	0	0
2016:1:2:7:SONGSHAN_E	0	0	4	5	0	1	0	13	0	6	1	1	0	3	0	0
2016:1:2:7:SONGSHAN_S	0	0	1	3	0	0	0	5	0	4	3	1	0	1	0	0
2016:1:2:7:TAIDONG_1_E	0	0	2	3	0	0	0	7	0	4	5	1	0	5	0	0
2016:1:2:7:TAIDONG_1_S	0	0	0	4	0	0	0	6	0	1	5	1	0	2	0	0
2016:1:2:7:TAIDONG_2_E	1	0	5	4	0	0	0	10	0	8	9	4	0	0	0	0
2016:1:2:7:TAIDONG_2_S	0	0	1	4	0	0	0	5	0	5	6	2	0	0	0	0
2016:1:2:7:TAIDONG_3_E	0	0	4	1	0	0	0	8	0	2	3	1	0	0	0	0
2016:1:2:7:TAO_1_A	0	0	0	1	0	0	0	1	0	0	7	0	0	1	0	0
2016:1:2:7:TAO_2_E	1	0	2	3	1	0	0	6	0	2	4	2	0	3	0	0
2016:1:2:7:TAO_2_S	0	0	1	0	0	0	0	2	0	3	1	3	0	1	0	0
2016:1:2:7:TAO_3_E	0	0	2	3	0	0	0	5	0	3	7	2	0	1	0	0
2016:1:2:7:TAO_3_E_ZL	0	0	0	4	0	0	0	7	0	6	10	8	0	0	0	0
2016:1:2:7:TIANMU_E	0	0	0	2	0	0	0	2	0	4	6	2	0	1	0	0
2016:1:2:7:TOUFEN_E	0	1	1	1	0	0	0	3	0	5	4	4	0	4	0	0
2016:1:2:7:TOUR_S	2	2	1	4	0	0	0	11	0	7	36	7	0	0	0	0
2016:1:2:7:TUCHENG_B_S	0	1	1	3	0	0	0	5	0	3	15	5	0	3	0	0
2016:1:2:7:TUCHENG_E	0	1	1	2	1	0	0	5	0	5	15	5	0	6	0	0
2016:1:2:7:WANDA_A_S	0	0	0	0	0	0	0	2	0	2	3	1	0	0	0	0
2016:1:2:7:WANDA_B_S	0	0	1	0	0	0	0	4	0	1	6	2	0	0	0	0
2016:1:2:7:WANDA_E	0	1	0	4	1	0	0	5	0	5	3	0	0	2	0	0
2016:1:2:7:XIANGSHAN_A	0	0	1	1	2	0	0	6	0	2	3	3	0	0	0	0
2016:1:2:7:XIANGSHAN_B	0	0	0	4	1	0	0	5	0	4	11	3	0	1	0	0
2016:1:2:7:XINAN_S	0	0	0	3	0	0	0	8	0	2	17	5	0	2	0	0
2016:1:2:7:XINBAN_E	0	0	2	3	0	0	0	7	0	13	4	3	0	1	0	0
2016:1:2:7:XINDIAN_E	0	0	0	2	0	0	0	2	0	5	4	1	0	0	0	0
2016:1:2:7:XINDIAN_S	0	0	1	6	1	0	0	7	0	6	3	2	0	2	0	0
2016:1:2:7:XINPU_E	1	0	0	1	1	0	0	4	0	5	3	1	0	0	0	0
2016:1:2:7:XINPU_S	0	0	1	3	2	0	0	4	0	10	5	0	0	3	0	0
2016:1:2:7:XINZHU_1_E	1	0	2	2	0	0	0	6	0	3	7	4	0	1	0	0
2016:1:2:7:XINZHU_1_S	0	0	3	3	0	0	0	10	0	6	5	4	0	3	0	0
2016:1:2:7:XINZHU_3_E	0	1	2	2	0	0	0	6	0	5	5	3	0	2	0	0
2016:1:2:7:XINZHU_3_S	1	0	1	0	0	0	0	5	0	5	6	1	0	0	0	0
2016:1:2:7:XIZHI_A_E	0	2	1	1	0	0	0	4	0	6	1	0	0	2	0	0
2016:1:2:7:XIZHI_B_E	0	0	0	2	1	0	0	5	0	5	8	1	0	0	0	0
2016:1:2:7:XIZHI_S	0	0	2	1	0	0	0	3	0	7	6	2	0	2	0	0
2016:1:2:7:YILAN_E	0	0	2	2	1	0	0	6	0	4	3	0	0	0	0	0
2016:1:2:7:YILAN_S	0	0	0	0	0	0	0	0	0	2	6	4	0	0	0	0
2016:1:2:7:YONGHE_S	1	0	5	3	1	0	0	15	0	6	17	7	0	4	0	0
2016:1:2:7:YULI_E	0	0	1	9	0	0	0	10	0	4	7	2	0	0	0	0
2016:1:2:7:YULI_S	0	0	0	2	1	0	0	2	0	1	7	2	0	1	0	0
2016:1:2:7:ZHONGHE_1_E	0	0	0	1	0	0	0	6	0	4	3	3	0	1	0	0
2016:1:2:7:ZHONGHE_2_E	0	0	0	7	0	0	0	7	0	3	5	2	0	0	0	0
2016:1:2:7:ZHONGHE_2_S	0	1	2	2	0	0	0	5	0	2	4	2	0	3	0	0
2016:1:2:7:ZHONGLI_1_S	0	0	1	2	0	0	0	4	0	4	2	2	0	1	0	0
2016:1:2:7:ZHONGLI_2_E	0	0	0	4	0	0	0	6	0	5	7	2	0	2	0	0
2016:1:2:7:ZHONGLI_E	0	0	0	3	0	0	0	7	0	4	5	2	0	6	0	0
2016:1:2:7:ZHUBEI_1_E	1	0	2	5	0	0	0	8	0	5	6	3	0	2	0	0
2016:1:2:7:ZHUBEI_1_S	2	1	0	1	2	0	0	4	0	6	8	10	0	4	0	0
2016:1:2:7:ZHUBEI_2_E	1	0	1	0	0	0	0	2	0	5	6	0	0	3	0	0
2016:1:2:7:ZHUBEI_2_S	0	0	1	3	0	0	0	4	0	4	7	2	0	1	0	0
2016:1:2:7:ZHUDONG_E	0	0	0	2	1	0	0	2	0	0	3	2	0	5	0	0
2016:1:2:7:ZHUDONG_S	2	0	2	2	0	0	0	6	0	6	4	0	0	1	0	0
2016:1:2:7:ZHUNAN_E	1	0	0	1	0	0	0	4	0	3	12	2	0	1	0	0
2016:1:2:7:ZHUNAN_S	0	1	1	4	0	0	0	7	0	5	5	6	0	3	0	0
2016:1:2:7:ZHUWEI_E	1	0	1	2	0	0	0	4	0	0	6	2	0	1	0	0
2016:1:4:7:ANKANG_E	0	0	1	2	1	0	0	3	4	9	8	2	0	4	1	0
2016:1:4:7:ASSISTANTS	0	0	7	3	0	0	0	18	5	15	13	9	0	2	1	0
2016:1:4:7:BADE_A_E	0	0	2	4	0	0	0	7	0	7	8	6	0	8	0	0
2016:1:4:7:BADE_B_E	0	1	4	0	1	0	0	10	2	8	9	5	0	2	2	0
2016:1:4:7:BADE_S	1	0	0	2	1	0	0	3	1	4	9	4	0	3	0	0
2016:1:4:7:BANQIAO_S	0	0	0	0	0	0	0	2	0	5	24	3	0	1	1	0
2016:1:4:7:BEITOU_E	0	0	0	1	0	0	0	1	2	4	3	3	0	8	1	0
2016:1:4:7:BEITOU_S	0	0	3	4	0	0	0	9	3	13	18	9	0	7	5	0
2016:1:4:7:DANFENG_E	0	2	3	3	0	1	1	8	2	7	3	1	0	6	3	0
2016:1:4:7:DANSHUI_E	1	1	1	3	1	0	0	6	1	9	8	3	0	2	2	0
2016:1:4:7:GUISHAN_E	0	0	4	2	0	1	1	12	1	8	9	4	0	2	0	0
2016:1:4:7:HUALIAN_1_E	0	0	2	3	1	0	0	6	0	9	16	6	0	5	0	0
2016:1:4:7:HUALIAN_1_S	0	0	3	0	0	0	0	5	3	11	26	9	0	4	3	0
2016:1:4:7:HUALIAN_3_A_E	0	0	3	0	1	0	0	4	1	4	6	5	0	2	1	0
2016:1:4:7:HUALIAN_3_B_E	0	0	3	6	0	0	0	9	1	9	3	3	0	5	1	0
2016:1:4:7:HUALIAN_3_S	0	0	0	3	0	1	1	5	1	8	11	7	0	6	2	0
2016:1:4:7:JIAN_E	0	1	1	2	1	0	0	7	1	7	8	6	0	8	0	0
2016:1:4:7:JILONG_A_E	0	0	2	5	4	0	0	7	3	9	5	4	0	8	0	0
2016:1:4:7:JILONG_B_E	0	0	0	3	0	0	0	3	5	5	3	3	0	16	5	0
2016:1:4:7:JINGXIN_E	0	0	2	6	10	0	0	13	3	10	19	14	0	4	0	0
2016:1:4:7:JINGXIN_S	0	0	0	1	0	0	0	1	0	3	9	2	0	2	0	0
2016:1:4:7:LONGTAN_E	0	0	1	1	0	0	0	4	2	5	7	1	0	3	2	0
2016:1:4:7:LUODONG_A_E	0	0	0	1	3	0	0	7	2	8	9	5	0	3	0	0
2016:1:4:7:LUODONG_B_E	0	0	1	6	3	0	0	10	3	7	15	4	0	4	0	0
2016:1:4:7:LUZHOU_E	1	0	3	1	0	0	0	5	1	6	7	4	0	5	1	1
2016:1:4:7:MIAOLI_A_E	0	0	1	2	1	0	0	3	0	7	10	5	0	2	1	0
2016:1:4:7:MIAOLI_B_E	0	0	1	1	0	3	0	6	3	5	0	1	0	3	0	0
2016:1:4:7:MUZHA_E	0	0	1	7	1	0	0	11	3	8	17	10	0	2	0	0
2016:1:4:7:MUZHA_S	0	0	2	5	0	0	0	7	2	8	11	5	0	3	0	0
2016:1:4:7:NANKAN_E	0	0	0	2	0	0	0	2	0	2	8	1	0	0	0	0
2016:1:4:7:NANKAN_S	0	1	2	2	1	0	0	6	3	9	17	7	0	5	3	0
2016:1:4:7:NEIHU_S	0	0	1	0	1	0	0	1	2	3	9	4	0	2	1	0
2016:1:4:7:NORTH_JINHUA_E	0	0	1	1	0	0	0	8	1	3	21	8	0	5	0	0
2016:1:4:7:SANCHONG_E	0	0	2	3	1	0	0	5	1	13	4	3	0	4	1	0
2016:1:4:7:SANCHONG_S	1	0	2	0	1	0	0	3	2	4	8	3	0	5	1	0
2016:1:4:7:SANXIA_A	0	0	0	3	0	0	0	7	1	6	12	9	0	5	1	0
2016:1:4:7:SANXIA_B	0	0	1	3	0	0	0	4	0	1	13	4	0	1	2	0
2016:1:4:7:SHILIN_E	0	0	1	0	0	1	1	2	2	5	18	4	0	5	2	0
2016:1:4:7:SHILIN_S	0	0	0	7	0	0	0	8	0	2	13	8	0	1	0	0
2016:1:4:7:SIYUAN_E	0	0	1	2	0	0	0	4	1	6	4	4	0	4	1	0
2016:1:4:7:SONGSHAN_E	0	0	6	5	0	1	1	14	3	18	6	5	0	4	1	0
2016:1:4:7:SONGSHAN_S	0	0	3	2	0	0	0	5	2	10	4	3	0	4	0	0
2016:1:4:7:TAIDONG_1_E	0	0	1	3	0	0	0	7	2	7	9	4	0	7	3	0
2016:1:4:7:TAIDONG_1_S	0	0	0	4	0	0	0	6	1	3	7	1	0	6	0	1
2016:1:4:7:TAIDONG_2_E	0	0	5	3	1	0	0	9	4	12	11	4	0	2	1	2
2016:1:4:7:TAIDONG_2_S	0	0	2	4	0	0	0	6	1	6	10	5	0	5	1	1
2016:1:4:7:TAIDONG_3_E	0	2	2	1	2	0	0	7	6	5	12	3	0	1	1	0
2016:1:4:7:TAO_1_A	0	0	0	1	0	0	0	1	1	4	13	0	0	1	0	0
2016:1:4:7:TAO_1_B	0	0	0	1	0	0	0	2	0	4	5	3	0	0	0	0
2016:1:4:7:TAO_2_E	1	0	2	3	1	0	0	6	0	4	8	4	0	5	1	0
2016:1:4:7:TAO_2_S	0	0	1	0	0	0	0	1	2	3	2	3	0	4	1	0
2016:1:4:7:TAO_3_E	0	0	2	3	0	0	0	5	1	3	12	3	0	1	0	0
2016:1:4:7:TAO_3_E_ZL	0	0	0	5	0	0	0	8	1	10	21	16	0	0	0	0
2016:1:4:7:TIANMU_E	0	0	0	1	0	0	0	1	0	4	12	3	0	1	0	0
2016:1:4:7:TOUFEN_E	0	0	0	0	0	0	0	0	0	0	0	0	0	0	0	0
2016:1:4:7:TOUR_S	2	1	2	4	3	0	0	9	2	11	42	7	0	0	0	0
2016:1:4:7:TUCHENG_B_S	0	2	0	3	2	0	0	5	2	6	19	8	0	6	2	0
2016:1:4:7:TUCHENG_E	0	0	3	2	0	0	0	6	5	11	25	8	0	9	6	0
2016:1:4:7:WANDA_A_S	0	0	0	2	0	0	0	3	0	5	4	2	0	0	1	0
2016:1:4:7:WANDA_B_S	0	0	1	1	0	0	0	5	0	6	18	3	0	0	1	0
2016:1:4:7:WANDA_E	0	1	0	3	1	0	0	4	1	8	10	2	0	3	0	0
2016:1:4:7:XIANGSHAN_A	0	0	2	1	2	0	0	3	1	4	4	3	0	0	0	0
2016:1:4:7:XIANGSHAN_B	0	0	0	3	2	0	0	4	0	11	21	11	0	2	0	0
2016:1:4:7:XINAN_S	0	0	0	5	0	0	0	5	0	10	32	8	0	7	0	0
2016:1:4:7:XINBAN_E	0	0	3	4	0	0	0	9	3	14	5	5	0	3	1	0
2016:1:4:7:XINDIAN_E	0	0	0	3	0	0	0	3	1	8	8	5	0	3	0	0
2016:1:4:7:XINDIAN_S	0	0	0	4	1	0	0	4	1	10	6	3	0	5	1	0
2016:1:4:7:XINPU_E	0	0	0	2	1	1	1	3	1	8	6	3	0	5	0	0
2016:1:4:7:XINPU_S	0	1	1	2	1	0	0	4	1	11	10	1	0	6	3	0
2016:1:4:7:XINZHU_1_E	1	0	2	3	1	0	0	6	2	6	8	5	0	3	2	0
2016:1:4:7:XINZHU_1_S	0	0	3	3	0	0	0	10	0	10	9	7	0	8	4	0
2016:1:4:7:XINZHU_3_E	0	1	2	2	0	0	0	6	2	7	11	3	0	7	1	0
2016:1:4:7:XINZHU_3_S	1	0	1	0	0	0	0	6	2	7	14	2	0	0	3	0
2016:1:4:7:XIZHI_A_E	0	2	1	1	2	0	0	4	2	8	9	4	0	7	0	0
2016:1:4:7:XIZHI_B_E	0	0	0	3	2	0	0	4	2	10	12	5	0	1	0	0
2016:1:4:7:XIZHI_S	0	0	1	2	2	0	0	4	3	10	15	8	0	5	0	0
2016:1:4:7:YILAN_E	0	0	1	5	0	0	0	6	0	7	12	5	0	1	0	0
2016:1:4:7:YILAN_S	0	0	0	0	1	0	0	1	0	2	19	7	0	1	0	0
2016:1:4:7:YONGHE_S	0	1	5	1	0	1	1	16	3	10	28	11	0	7	1	0
2016:1:4:7:YULI_E	0	0	2	9	0	0	0	11	1	8	14	5	0	1	1	0
2016:1:4:7:YULI_S	0	0	2	3	0	0	0	5	2	2	13	6	0	1	3	0
2016:1:4:7:ZHONGHE_1_E	0	0	0	2	0	0	0	7	2	7	7	5	0	0	3	0
2016:1:4:7:ZHONGHE_2_E	0	0	1	6	0	0	0	7	2	8	11	2	0	2	2	0
2016:1:4:7:ZHONGHE_2_S	0	1	2	2	0	0	0	5	1	10	7	6	0	4	1	0
2016:1:4:7:ZHONGLI_1_S	0	0	1	2	0	0	0	4	4	8	5	4	0	2	1	0
2016:1:4:7:ZHONGLI_2_E	0	0	0	3	0	0	0	4	0	6	11	3	0	4	0	0
2016:1:4:7:ZHONGLI_E	0	0	0	3	0	0	0	9	0	4	10	3	0	13	0	0
2016:1:4:7:ZHUBEI_1_E	1	0	3	4	0	0	0	8	2	9	12	5	0	3	1	0
2016:1:4:7:ZHUBEI_1_S	0	1	0	1	0	2	2	2	0	9	10	11	0	7	1	0
2016:1:4:7:ZHUBEI_2_E	1	0	1	0	0	0	0	2	2	6	11	0	0	7	0	0
2016:1:4:7:ZHUDONG_E	0	0	0	4	3	0	0	4	0	2	5	3	0	6	3	0
2016:1:4:7:ZHUDONG_S	1	0	2	2	0	1	1	5	2	10	4	0	0	6	2	0
2016:1:4:7:ZHUNAN_E	1	0	0	1	0	0	0	4	1	5	14	2	0	4	0	0
2016:1:4:7:ZHUNAN_S	0	0	1	4	1	0	0	7	4	9	10	7	0	7	1	0
2016:1:4:7:ZHUWEI_E	1	0	1	2	1	0	0	4	1	0	12	4	0	3	1	0
2016:1:5:7:ANKANG_E	0	0	3	3	0	0	0	6	3	13	7	5	0	5	1	0
2016:1:5:7:ASSISTANTS	0	0	7	5	0	0	0	14	3	8	12	7	0	7	1	0
2016:1:5:7:BADE_A_E	0	0	0	3	0	0	0	4	0	5	8	3	0	9	0	0
2016:1:5:7:BADE_B_E	0	1	3	1	0	1	1	10	2	7	7	5	0	5	2	0
2016:1:5:7:BADE_S	1	0	0	3	1	0	0	4	0	9	4	6	0	6	0	1
2016:1:5:7:BANQIAO_S	0	0	1	1	0	0	0	2	0	5	23	1	0	0	0	0
2016:1:5:7:BEITOU_E	0	0	0	1	0	0	0	2	1	6	10	5	0	5	0	0
2016:1:5:7:BEITOU_S	0	1	0	4	0	0	0	9	1	9	16	5	0	5	1	0
2016:1:5:7:DANFENG_E	0	1	3	3	0	1	1	7	3	2	3	0	0	2	1	0
2016:1:5:7:DANSHUI_E	1	1	2	2	1	0	0	7	0	9	10	8	0	4	2	0
2016:1:5:7:GUISHAN_E	0	0	4	0	0	0	0	5	0	6	7	1	0	4	0	0
2016:1:5:7:HUALIAN_1_E	0	0	1	4	0	0	0	9	0	7	11	5	0	5	1	0
2016:1:5:7:HUALIAN_1_S	0	0	3	0	0	0	0	7	3	8	11	5	0	3	0	0
2016:1:5:7:HUALIAN_3_A_E	0	0	3	0	0	0	0	6	2	5	6	4	0	5	0	0
2016:1:5:7:HUALIAN_3_B_E	0	0	3	4	0	0	0	7	1	6	19	5	0	5	0	3
2016:1:5:7:HUALIAN_3_S	0	0	0	3	0	0	0	8	1	4	13	6	0	2	2	0
2016:1:5:7:JIAN_E	0	0	1	1	0	0	0	2	4	11	7	4	0	5	1	0
2016:1:5:7:JILONG_A_E	0	1	2	4	0	0	0	7	3	11	1	5	0	9	2	0
2016:1:5:7:JILONG_B_E	0	0	0	5	0	0	0	5	1	9	3	2	0	7	3	1
2016:1:5:7:JINGXIN_E	0	0	5	2	0	0	0	10	6	8	13	14	0	4	5	0
2016:1:5:7:JINGXIN_S	0	0	0	1	0	0	0	1	2	3	9	1	0	2	0	0
2016:1:5:7:LONGTAN_E	1	0	0	1	0	0	0	3	4	6	13	3	0	4	1	0
2016:1:5:7:LUODONG_A_E	0	0	0	1	0	0	0	7	4	11	1	6	0	5	0	0
2016:1:5:7:LUODONG_B_E	0	1	0	6	0	0	0	9	2	5	13	4	0	4	1	0
2016:1:5:7:LUZHOU_A_E	0	0	2	2	0	1	1	4	1	8	4	1	0	4	2	1
2016:1:5:7:LUZHOU_B_E	0	0	0	0	0	0	0	3	0	1	12	4	0	2	0	0
2016:1:5:7:MIAOLI_A_E	0	0	1	2	0	0	0	3	3	7	5	7	0	4	3	0
2016:1:5:7:MIAOLI_B_E	0	0	1	2	0	0	0	5	3	5	11	0	0	2	0	0
2016:1:5:7:MUZHA_E	0	0	3	4	0	0	0	12	3	5	18	14	0	4	2	0
2016:1:5:7:MUZHA_S	0	0	1	2	0	0	0	3	2	6	26	8	0	1	0	0
2016:1:5:7:NEIHU_E	0	0	1	1	0	1	1	2	0	9	7	4	0	4	3	0
2016:1:5:7:NEIHU_S	0	0	0	2	0	0	0	2	2	4	9	1	0	3	1	0
2016:1:5:7:NORTH_JINHUA_E	0	0	3	6	0	0	0	12	1	9	20	7	0	5	1	0
2016:1:5:7:OFFICE_E	0	0	0	1	0	0	0	1	0	2	3	0	0	2	0	0
2016:1:5:7:SANCHONG_E	0	0	2	0	0	1	1	4	3	12	5	3	0	5	1	0
2016:1:5:7:SANCHONG_S	0	0	0	0	0	0	0	0	1	2	14	6	0	2	0	0
2016:1:5:7:SANXIA_A	0	0	0	4	0	0	0	6	0	6	20	10	0	2	1	0
2016:1:5:7:SANXIA_B	0	0	0	6	0	0	0	6	4	7	12	6	0	1	1	0
2016:1:5:7:SHILIN_E	0	0	0	1	0	0	0	1	1	5	14	2	0	5	0	0
2016:1:5:7:SHILIN_S	0	0	0	2	0	0	0	2	0	4	7	4	0	2	1	0
2016:1:5:7:SIYUAN_E	0	0	1	1	0	0	0	5	1	4	17	8	0	7	1	0
2016:1:5:7:SONGSHAN_E	0	0	7	4	1	0	0	12	2	16	8	4	0	6	4	0
2016:1:5:7:SONGSHAN_S	0	0	2	2	0	0	0	4	0	9	7	5	0	4	3	0
2016:1:5:7:TAIDONG_1_E	0	0	2	3	0	0	0	9	2	7	9	4	0	3	1	1
2016:1:5:7:TAIDONG_1_S	0	0	0	2	0	0	0	3	0	4	16	4	0	3	1	0
2016:1:5:7:TAIDONG_2_E	1	0	5	4	1	0	0	9	6	15	4	5	0	1	2	0
2016:1:5:7:TAIDONG_2_S	0	0	2	2	0	0	0	4	4	7	7	2	0	4	1	0
2016:1:5:7:TAIDONG_3_E	0	2	4	2	2	0	0	9	3	6	14	3	0	1	2	0
2016:1:5:7:TAO_1_A	0	0	1	0	0	0	0	1	3	1	17	1	0	2	1	0
2016:1:5:7:TAO_1_B	0	0	0	0	0	0	0	1	0	5	4	0	0	4	0	0
2016:1:5:7:TAO_2_E	1	0	2	3	1	0	0	6	0	4	6	4	0	3	0	0
2016:1:5:7:TAO_2_S	0	0	1	0	0	0	0	2	2	2	11	2	0	4	2	0
2016:1:5:7:TAO_3_E	0	0	0	2	0	0	0	2	0	4	1	4	0	1	0	0
2016:1:5:7:TAO_3_E_ZL	0	0	1	5	0	0	0	9	2	8	12	5	0	3	0	0
2016:1:5:7:TAO_4_E	0	0	2	4	0	0	0	7	0	4	13	3	0	2	1	0
2016:1:5:7:TAO_4_S	0	0	2	2	0	1	1	5	0	10	18	7	0	5	1	0
2016:1:5:7:TIANMU_E	0	0	0	1	0	0	0	1	0	2	10	1	0	1	1	0
2016:1:5:7:TOUFEN_E	1	0	1	3	1	1	1	5	3	8	6	1	0	6	2	0
2016:1:5:7:TOUR_S	0	0	3	2	0	1	1	5	1	9	29	3	0	4	0	0
2016:1:5:7:TUCHENG_A_S	0	1	0	4	0	1	1	5	0	2	12	4	0	5	2	0
2016:1:5:7:TUCHENG_B_S	0	0	0	0	0	0	0	1	0	1	6	3	0	0	0	0
2016:1:5:7:TUCHENG_E	0	0	3	2	0	0	0	6	2	8	8	9	0	7	2	0
2016:1:5:7:WANDA_A_S	0	0	0	2	0	0	0	3	0	2	21	2	0	1	0	0
2016:1:5:7:WANDA_B_S	0	0	1	0	0	0	0	3	0	6	16	2	0	0	0	0
2016:1:5:7:WANDA_E	0	0	1	2	0	1	1	5	0	4	20	4	0	5	0	0
2016:1:5:7:XIANGSHAN_A	0	0	1	0	0	0	0	1	1	3	8	5	0	1	0	0
2016:1:5:7:XIANGSHAN_B	0	0	0	4	0	0	0	4	2	9	8	5	0	1	0	0
2016:1:5:7:XINAN_S	0	0	1	2	0	0	0	3	2	3	23	6	0	5	2	0
2016:1:5:7:XINBAN_E	0	1	1	4	0	0	0	6	1	11	10	1	0	2	0	0
2016:1:5:7:XINDIAN_E	0	0	0	3	0	0	0	3	2	6	10	5	0	5	2	0
2016:1:5:7:XINDIAN_S	0	0	1	3	0	0	0	4	2	10	15	9	0	6	1	0
2016:1:5:7:XINPU_E	0	0	1	3	0	0	0	4	4	8	8	2	0	3	0	0
2016:1:5:7:XINPU_S	0	0	3	3	0	1	1	10	2	8	18	6	0	6	2	0
2016:1:5:7:XINZHU_1_E	0	0	2	3	0	1	1	6	2	8	11	3	0	2	0	0
2016:1:5:7:XINZHU_1_S	0	0	3	1	0	0	0	7	4	8	13	6	0	6	2	0
2016:1:5:7:XINZHU_3_E	0	1	4	2	0	0	0	9	5	9	16	5	0	5	2	0
2016:1:5:7:XINZHU_3_S	0	0	1	4	0	0	0	7	1	10	21	7	0	1	3	0
2016:1:5:7:XIZHI_A_E	0	1	0	0	0	2	2	1	1	10	10	5	0	5	1	0
2016:1:5:7:XIZHI_B_E	0	0	0	3	0	0	0	4	3	7	17	5	0	1	0	0
2016:1:5:7:XIZHI_S	0	0	1	2	0	0	0	3	1	7	15	6	0	2	3	0
2016:1:5:7:YILAN_E	0	0	1	1	0	0	0	2	0	2	9	0	0	0	2	0
2016:1:5:7:YILAN_S	0	0	0	1	0	0	0	2	2	10	15	12	0	3	1	0
2016:1:5:7:YONGHE_S	0	0	6	3	0	0	0	15	4	11	20	6	0	6	3	0
2016:1:5:7:YULI_E	0	0	3	3	0	0	0	6	1	6	19	3	0	3	0	0
2016:1:5:7:YULI_S	0	0	1	2	0	0	0	3	0	1	17	3	0	6	1	0
2016:1:5:7:ZHONGHE_1_E	0	0	1	1	0	0	0	5	1	8	3	6	0	6	1	0
2016:1:5:7:ZHONGHE_2_E	0	0	1	5	0	0	0	6	2	6	15	4	0	2	1	0
2016:1:5:7:ZHONGHE_2_S	0	0	2	2	0	1	1	7	2	9	9	5	0	2	1	0
2016:1:5:7:ZHONGLI_1_E	0	0	2	3	0	0	0	11	2	5	7	1	0	6	1	0
2016:1:5:7:ZHONGLI_1_S	0	0	1	1	0	0	0	7	3	4	11	7	0	5	2	0
2016:1:5:7:ZHONGLI_2_E	0	0	0	2	0	0	0	4	0	4	8	1	0	1	0	0
2016:1:5:7:ZHUBEI_1_E	0	0	4	3	0	0	0	7	2	7	21	7	0	1	0	0
2016:1:5:7:ZHUBEI_1_S	0	1	0	2	0	0	0	3	0	6	9	2	0	8	0	0
2016:1:5:7:ZHUBEI_2_E	0	0	1	0	1	1	1	1	1	3	5	1	0	5	1	0
2016:1:5:7:ZHUBEI_2_S	0	0	2	2	1	0	0	4	2	5	3	1	0	2	0	0
2016:1:5:7:ZHUDONG_E	0	0	0	4	0	0	0	4	1	2	3	2	0	2	2	0
2016:1:5:7:ZHUDONG_S	1	0	2	2	0	0	0	5	2	10	3	1	0	8	6	1
2016:1:5:7:ZHUNAN_E	0	0	0	1	0	1	1	3	1	3	16	5	0	4	1	0
2016:1:5:7:ZHUNAN_S	0	0	1	5	0	0	0	7	3	7	9	1	0	4	0	0
2016:1:5:7:ZHUWEI_E	0	1	0	2	0	0	0	3	2	2	6	2	0	6	1	0
2016:2:1:7:ANKANG_E	0	0	3	4	0	0	0	7	2	10	11	4	0	5	3	0
2016:2:1:7:ASSISTANTS	0	0	7	5	0	0	0	23	0	5	16	7	1	3	2	0
2016:2:1:7:BADE_A_E	0	0	0	3	0	0	0	5	0	4	7	2	0	5	2	0
2016:2:1:7:BADE_B_E	1	0	3	3	0	0	0	9	1	8	6	6	0	7	1	0
2016:2:1:7:BADE_S	1	0	0	1	0	0	0	2	1	7	14	7	0	4	1	0
2016:2:1:7:BANQIAO_S	0	0	1	1	0	0	0	2	2	1	20	3	0	0	0	0
2016:2:1:7:BEITOU_E	0	0	1	4	0	0	0	5	1	6	14	5	0	4	0	0
2016:2:1:7:BEITOU_S	0	1	0	1	0	0	0	9	0	12	7	5	0	4	1	0
2016:2:1:7:DANFENG_E	0	1	3	3	0	0	0	7	0	5	4	2	0	7	0	0
2016:2:1:7:DANSHUI_E	1	1	2	2	0	0	0	7	1	10	8	6	2	5	2	0
2016:2:1:7:GUISHAN_E	0	0	2	0	0	0	0	4	2	7	20	0	0	1	0	0
2016:2:1:7:HUALIAN_1_E	0	0	0	6	0	0	0	7	0	8	6	3	1	3	1	0
2016:2:1:7:HUALIAN_1_S	0	1	2	0	0	0	0	6	3	3	20	10	0	0	1	0
2016:2:1:7:HUALIAN_3_A_E	0	0	3	0	0	0	0	5	0	4	9	3	0	2	0	0
2016:2:1:7:HUALIAN_3_B_E	0	0	3	6	0	0	0	9	0	8	2	4	0	6	0	0
2016:2:1:7:HUALIAN_3_S	0	0	0	3	0	0	0	4	1	5	4	2	0	4	0	0
2016:2:1:7:JIAN_E	0	0	0	0	0	0	0	3	6	7	6	4	0	4	0	0
2016:2:1:7:JILONG_A_E	0	1	1	4	0	0	0	6	4	9	3	2	0	10	4	0
2016:2:1:7:JILONG_B_E	0	0	0	7	0	0	0	7	5	4	8	6	0	5	3	0
2016:2:1:7:JINGXIN_E	0	0	7	0	0	0	0	12	3	11	8	11	0	3	3	0
2016:2:1:7:JINGXIN_S	0	0	0	0	0	0	0	1	0	2	7	3	0	1	0	0
2016:2:1:7:LONGTAN_E	0	0	0	0	0	1	1	3	2	4	7	1	0	2	0	0
2016:2:1:7:LUODONG_A_E	0	0	0	1	0	0	0	3	3	7	5	3	0	3	1	0
2016:2:1:7:LUODONG_B_E	0	1	0	5	0	0	0	7	1	12	11	4	0	4	2	0
2016:2:1:7:LUZHOU_A_E	0	0	1	3	0	0	0	4	1	8	9	7	0	5	1	1
2016:2:1:7:LUZHOU_B_E	0	0	1	4	0	0	0	6	1	7	18	10	0	0	0	0
2016:2:1:7:MIAOLI_A_E	0	1	1	0	0	0	0	2	2	8	3	2	0	2	2	0
2016:2:1:7:MIAOLI_B_E	0	0	1	0	0	0	0	1	2	4	7	2	0	0	1	0
2016:2:1:7:MUZHA_E	0	1	2	5	0	0	0	12	4	5	27	16	0	2	0	0
2016:2:1:7:MUZHA_S	0	0	2	4	0	0	0	6	1	4	13	9	0	1	0	0
2016:2:1:7:NEIHU_E	0	0	1	2	0	0	0	3	1	4	7	2	0	5	1	0
2016:2:1:7:NEIHU_S	0	0	1	2	0	0	0	3	0	3	10	2	0	2	0	0
2016:2:1:7:NORTH_JINHUA_E	0	1	2	8	0	0	0	14	0	7	13	6	0	5	0	3
2016:2:1:7:OFFICE_E	0	0	0	2	0	0	0	2	1	2	1	0	1	2	0	0
2016:2:1:7:SANCHONG_E	0	0	2	2	0	0	0	4	4	16	3	3	0	5	0	1
2016:2:1:7:SANCHONG_S	0	0	0	0	0	0	0	2	1	5	13	6	0	3	0	0
2016:2:1:7:SANXIA_A	0	0	1	3	0	0	0	4	1	11	12	6	1	6	1	0
2016:2:1:7:SANXIA_B	0	0	0	5	0	0	0	7	1	1	7	8	0	5	1	0
2016:2:1:7:SHILIN_E	0	0	1	0	0	0	0	5	1	7	9	4	0	3	1	0
2016:2:1:7:SHILIN_S	0	0	0	1	0	0	0	1	0	2	9	1	0	3	0	0
2016:2:1:7:SIYUAN_E	0	0	1	1	0	0	0	4	0	12	11	1	0	4	0	0
2016:2:1:7:SONGSHAN_E	0	0	7	5	0	1	0	12	3	14	16	8	0	6	0	0
2016:2:1:7:SONGSHAN_S	0	0	3	5	0	0	0	8	0	9	6	7	0	2	0	1
2016:2:1:7:TAIDONG_1_E	0	0	1	5	0	0	0	7	1	9	14	2	0	7	0	0
2016:2:1:7:TAIDONG_1_S	0	0	0	0	0	0	0	1	0	1	9	2	0	3	0	0
2016:2:1:7:TAIDONG_2_E	0	0	5	4	1	1	1	9	3	7	6	1	0	0	1	0
2016:2:1:7:TAIDONG_2_S	0	0	2	3	0	0	0	5	0	7	8	5	0	4	0	0
2016:2:1:7:TAIDONG_3_E	0	2	3	2	0	0	0	8	1	5	10	1	0	1	1	0
2016:2:1:7:TAO_1_A	0	0	1	0	0	0	0	1	1	2	9	2	0	0	0	0
2016:2:1:7:TAO_1_B	0	0	0	0	0	0	0	0	1	4	5	1	0	1	0	0
2016:2:1:7:TAO_2_E	1	0	1	3	0	0	0	5	0	5	12	1	0	3	0	0
2016:2:1:7:TAO_2_S	0	0	1	0	0	0	0	7	2	7	13	5	0	2	1	0
2016:2:1:7:TAO_3_E	0	0	0	2	0	0	0	2	0	4	3	1	0	0	0	0
2016:2:1:7:TAO_3_E_ZL	0	0	1	5	0	0	0	7	0	8	13	6	0	1	0	0
2016:2:1:7:TAO_4_E	0	0	1	6	0	0	0	7	0	2	8	2	0	2	0	0
2016:2:1:7:TAO_4_S	0	0	1	2	0	0	0	4	0	4	22	7	0	5	2	0
2016:2:1:7:TIANMU_E	0	0	0	0	0	0	0	0	0	2	7	0	0	1	1	0
2016:2:1:7:TOUFEN_E	1	0	0	3	0	0	0	5	0	5	23	5	0	7	2	0
2016:2:1:7:TOUR_S	0	0	3	0	0	0	0	3	3	11	18	8	1	2	1	0
2016:2:1:7:TUCHENG_A_S	0	0	1	2	0	0	0	3	1	5	10	4	0	8	3	0
2016:2:1:7:TUCHENG_B_S	0	0	0	0	0	0	0	0	0	5	4	5	0	5	1	0
2016:2:1:7:TUCHENG_E	0	0	4	2	0	0	0	8	3	12	10	5	0	5	6	0
2016:2:1:7:WANDA_A_S	0	0	0	2	0	0	0	2	2	6	13	3	0	2	0	0
2016:2:1:7:WANDA_B_S	0	0	1	0	0	0	0	3	1	3	11	5	0	1	0	0
2016:2:1:7:WANDA_E	0	0	2	3	0	0	0	6	1	6	17	8	1	5	0	0
2016:2:1:7:XIANGSHAN_A	0	0	1	0	0	0	0	1	0	5	5	3	0	0	0	0
2016:2:1:7:XIANGSHAN_B	0	0	1	0	0	0	0	3	0	2	25	4	0	5	0	0
2016:2:1:7:XINAN_S	0	0	1	3	0	0	0	7	0	10	24	8	0	8	1	0
2016:2:1:7:XINBAN_E	1	1	4	1	0	0	0	10	1	5	20	6	0	3	0	0
2016:2:1:7:XINDIAN_E	0	0	1	3	0	0	0	4	2	10	9	4	0	5	1	0
2016:2:1:7:XINDIAN_S	0	0	3	5	0	0	0	5	3	12	13	8	0	5	0	0
2016:2:1:7:XINPU_E	0	0	0	4	0	0	0	4	3	10	4	0	0	4	1	0
2016:2:1:7:XINPU_S	0	1	2	4	0	0	0	9	1	4	16	3	0	5	3	0
2016:2:1:7:XINZHU_1_E	0	0	1	2	0	0	0	3	0	2	9	3	0	3	0	0
2016:2:1:7:XINZHU_1_S	0	0	2	0	0	0	0	7	5	8	18	12	0	4	3	0
2016:2:1:7:XINZHU_3_E	0	1	4	3	0	0	0	9	1	3	17	5	0	5	1	0
2016:2:1:7:XINZHU_3_S	0	0	1	4	0	0	0	6	0	9	26	12	0	2	0	0
2016:2:1:7:XIZHI_A_E	0	0	1	1	0	0	0	2	0	6	17	5	0	4	0	0
2016:2:1:7:XIZHI_B_E	0	0	1	4	0	0	0	5	1	7	14	5	0	0	0	0
2016:2:1:7:XIZHI_S	0	0	1	3	0	0	0	6	3	5	26	8	0	4	0	0
2016:2:1:7:YILAN_E	0	0	1	0	0	0	0	4	1	7	21	12	0	4	0	0
2016:2:1:7:YILAN_S	0	0	1	1	0	0	0	4	2	5	19	4	0	0	0	0
2016:2:1:7:YONGHE_S	0	0	2	2	0	0	0	7	0	9	17	6	0	4	2	0
2016:2:1:7:YULI_E	0	0	3	1	0	0	0	5	1	3	15	3	0	1	0	0
2016:2:1:7:YULI_S	0	0	1	4	0	0	0	5	0	1	19	7	0	3	3	0
2016:2:1:7:ZHONGHE_1_E	0	0	1	1	0	0	0	7	1	6	10	1	0	7	1	0
2016:2:1:7:ZHONGHE_2_E	0	0	1	5	0	0	0	6	1	5	11	2	0	5	2	0
2016:2:1:7:ZHONGHE_2_S	0	0	3	5	0	0	0	14	0	13	4	7	0	5	1	0
2016:2:1:7:ZHONGLI_1_E	0	0	2	3	0	0	0	12	1	5	10	6	0	5	1	0
2016:2:1:7:ZHONGLI_1_S	0	0	1	2	0	0	0	9	2	5	13	7	0	4	3	0
2016:2:1:7:ZHONGLI_2_E	0	0	1	2	0	0	0	5	2	9	9	3	0	1	1	0
2016:2:1:7:ZHUBEI_1_E	0	0	4	6	0	0	0	10	2	9	19	6	0	2	1	0
2016:2:1:7:ZHUBEI_1_S	0	1	0	1	0	0	0	2	1	4	17	4	0	8	0	0
2016:2:1:7:ZHUBEI_2_E	0	0	1	0	0	0	0	1	0	3	7	5	0	3	1	0
2016:2:1:7:ZHUBEI_2_S	0	0	3	2	0	0	0	5	0	7	5	0	0	5	1	0
2016:2:1:7:ZHUDONG_E	0	0	0	4	0	0	0	4	1	2	0	0	0	4	3	0
2016:2:1:7:ZHUDONG_S	1	1	2	0	0	0	0	4	2	11	8	4	0	8	3	0
2016:2:1:7:ZHUNAN_E	0	0	1	2	0	0	0	3	0	5	7	4	0	8	0	0
2016:2:1:7:ZHUNAN_S	0	0	2	3	0	0	0	7	2	13	10	3	0	4	1	0
2016:2:1:7:ZHUWEI_E	1	1	0	2	0	0	0	4	2	7	1	0	0	4	1	0
2016:2:2:7:ANKANG_E	0	0	2	4	0	0	0	7	2	10	10	9	0	2	2	0
2016:2:2:7:ASSISTANTS	0	0	6	6	0	0	0	18	5	4	8	7	3	8	4	0
2016:2:2:7:BADE_A_E	0	0	0	2	0	0	0	6	2	3	6	4	2	8	6	0
2016:2:2:7:BADE_B_E	0	0	0	2	0	1	1	5	1	8	2	3	0	6	0	0
2016:2:2:7:BADE_S	1	0	0	7	1	0	0	8	7	4	10	11	0	2	1	0
2016:2:2:7:BANQIAO_S	0	0	1	1	0	0	0	2	3	0	7	1	0	0	0	0
2016:2:2:7:BEITOU_E	0	0	2	3	0	0	0	5	1	4	12	4	0	2	0	0
2016:2:2:7:BEITOU_S	0	1	0	1	0	0	0	4	2	5	11	7	0	4	2	0
2016:2:2:7:DANFENG_E	0	1	3	3	0	0	0	7	1	1	1	0	0	0	1	0
2016:2:2:7:DANSHUI_A_E	1	2	0	2	0	0	0	5	4	7	1	0	1	5	3	0
2016:2:2:7:DANSHUI_B_E	1	1	2	1	0	0	0	8	2	9	6	4	3	4	2	0
2016:2:2:7:GUISHAN_E	0	0	0	1	0	0	0	4	0	3	17	6	0	1	0	0
2016:2:2:7:HUALIAN_1_E	0	1	1	8	1	0	0	11	2	9	10	2	0	5	6	0
2016:2:2:7:HUALIAN_1_S	1	0	1	2	1	0	0	7	2	8	13	3	0	5	3	0
2016:2:2:7:HUALIAN_3_A_E	0	0	3	1	0	0	0	4	0	2	11	2	0	1	0	0
2016:2:2:7:HUALIAN_3_B_E	0	1	3	3	0	0	0	7	3	8	4	9	0	4	0	0
2016:2:2:7:HUALIAN_3_S	0	0	1	0	0	0	0	1	2	2	3	2	0	0	0	0
2016:2:2:7:JIAN_E	0	0	4	0	0	0	0	7	3	8	11	8	4	5	0	0
2016:2:2:7:JILONG_A_E	0	1	1	4	1	0	0	6	3	5	6	3	0	8	3	0
2016:2:2:7:JILONG_B_E	0	0	0	6	0	0	0	6	3	5	4	2	0	6	3	0
2016:2:2:7:JINGXIN_E	0	0	5	1	0	0	0	11	4	7	7	8	0	7	3	0
2016:2:2:7:JINGXIN_S	0	0	1	0	0	0	0	1	1	3	9	1	0	1	0	0
2016:2:2:7:LONGTAN_E	0	0	0	2	0	0	0	4	3	5	3	1	0	6	2	0
2016:2:2:7:LUODONG_A_E	0	0	0	1	0	0	0	2	1	4	9	4	0	3	0	0
2016:2:2:7:LUODONG_B_E	0	0	0	3	0	1	1	5	2	1	12	4	0	4	1	0
2016:2:2:7:LUZHOU_A_E	0	0	1	3	0	0	0	4	1	4	10	4	1	1	1	1
2016:2:2:7:LUZHOU_B_E	0	0	1	3	0	0	0	7	0	2	16	7	0	1	1	0
2016:2:2:7:MIAOLI_A_E	0	1	1	0	0	0	0	3	2	5	3	2	0	4	1	0
2016:2:2:7:MIAOLI_B_E	0	0	1	0	0	0	0	1	3	6	2	4	1	1	1	0
2016:2:2:7:MUZHA_E	0	0	2	6	0	0	0	11	3	10	9	7	0	6	1	0
2016:2:2:7:MUZHA_S	0	1	1	3	1	0	0	5	6	10	9	6	0	2	1	0
2016:2:2:7:NEIHU_E	0	0	1	2	0	0	0	3	1	6	6	3	0	7	2	0
2016:2:2:7:NEIHU_S	0	0	1	2	0	0	0	3	1	1	8	1	0	5	0	0
2016:2:2:7:NORTH_JINHUA_E	0	1	3	5	0	0	0	16	1	7	20	10	0	5	0	0
2016:2:2:7:OFFICE_E	0	0	0	0	0	0	0	2	1	2	0	0	0	2	1	0
2016:2:2:7:SANCHONG_E	0	1	2	1	0	0	0	4	4	11	5	4	0	4	0	0
2016:2:2:7:SANCHONG_S	0	0	0	0	0	0	0	4	1	9	5	4	0	6	0	0
2016:2:2:7:SANXIA_A	0	0	2	2	0	0	0	4	5	4	8	4	0	5	2	0
2016:2:2:7:SANXIA_B	0	0	0	3	0	0	0	5	2	1	5	4	0	3	0	0
2016:2:2:7:SHILIN_E	0	0	0	0	0	0	0	4	1	6	14	5	0	3	2	0
2016:2:2:7:SHILIN_S	0	0	0	2	0	0	0	2	1	4	9	5	1	1	0	0
2016:2:2:7:SIYUAN_E	0	0	1	1	0	0	0	5	1	3	12	8	0	2	1	0
2016:2:2:7:SONGSHAN_E	0	0	5	5	0	0	1	10	2	7	12	8	1	5	3	0
2016:2:2:7:SONGSHAN_S	0	0	2	4	0	0	0	7	3	9	5	2	1	2	2	0
2016:2:2:7:TAIDONG_1_E	0	0	0	3	0	0	0	5	1	7	7	6	1	4	3	0
2016:2:2:7:TAIDONG_1_S	0	0	0	0	0	0	0	2	1	1	10	4	0	2	0	0
2016:2:2:7:TAIDONG_2_E	1	0	4	5	1	0	0	10	2	4	13	4	3	2	1	0
2016:2:2:7:TAIDONG_2_S	0	0	2	4	0	0	0	6	0	5	7	4	0	4	1	0
2016:2:2:7:TAIDONG_3_E	1	2	3	1	1	0	0	7	4	5	5	1	0	3	4	0
2016:2:2:7:TAO_1_A	0	1	1	0	0	0	0	2	2	1	3	0	0	0	0	0
2016:2:2:7:TAO_1_B	0	0	0	0	0	0	0	0	1	3	6	4	0	1	1	0
2016:2:2:7:TAO_2_E	1	0	2	2	0	0	0	5	5	8	8	3	2	5	1	0
2016:2:2:7:TAO_2_S	0	0	1	0	0	0	0	7	1	4	10	0	0	3	3	0
2016:2:2:7:TAO_3_E	0	0	0	2	0	0	0	2	1	1	3	2	0	3	0	0
2016:2:2:7:TAO_3_E_ZL	0	0	1	3	0	0	0	6	1	2	17	7	0	7	3	0
2016:2:2:7:TAO_4_E	0	0	1	7	0	0	0	8	1	2	8	3	0	0	1	0
2016:2:2:7:TAO_4_S	0	0	1	2	0	0	0	5	0	3	32	10	0	3	4	0
2016:2:2:7:TIANMU_E	0	0	0	0	0	0	0	0	2	1	11	5	0	1	0	0
2016:2:2:7:TOUFEN_E	0	0	1	2	0	1	1	4	1	4	20	2	0	7	3	0
2016:2:2:7:TOUR_S	0	0	3	0	1	0	0	3	3	11	18	8	1	2	0	0
2016:2:2:7:TUCHENG_A_S	0	0	1	4	0	0	0	5	3	3	5	2	0	5	3	0
2016:2:2:7:TUCHENG_B_S	0	0	0	0	0	0	0	1	1	4	5	3	0	5	0	0
2016:2:2:7:TUCHENG_E	0	1	3	2	1	0	0	9	2	7	4	4	2	7	5	0
2016:2:2:7:WANDA_A_S	0	0	0	4	0	0	0	5	1	6	12	3	1	1	0	0
2016:2:2:7:WANDA_B_S	0	0	1	0	0	0	0	1	0	6	5	2	0	0	0	0
2016:2:2:7:WANDA_E	0	0	2	3	0	0	0	8	2	7	11	6	2	5	5	0
2016:2:2:7:XIANGSHAN_A	0	0	0	0	0	0	0	0	0	3	6	1	0	0	0	0
2016:2:2:7:XIANGSHAN_B	0	0	1	0	0	0	0	2	1	8	19	6	0	2	1	0
2016:2:2:7:XINAN_S	0	0	3	1	0	0	0	9	3	7	10	8	0	6	0	0
2016:2:2:7:XINBAN_E	1	1	1	3	0	0	0	10	3	6	11	3	0	3	1	0
2016:2:2:7:XINDIAN_E	0	0	2	1	0	0	0	4	2	7	13	6	1	5	2	0
2016:2:2:7:XINDIAN_S	0	1	4	4	1	0	0	9	3	12	11	8	0	2	0	0
2016:2:2:7:XINPU_E	0	1	1	3	0	0	0	5	3	7	5	4	0	6	0	0
2016:2:2:7:XINPU_S	0	1	2	2	0	0	0	5	0	4	3	0	1	3	2	0
2016:2:2:7:XINZHU_1_E	0	0	1	2	0	0	0	3	2	3	7	4	0	2	0	0
2016:2:2:7:XINZHU_1_S	0	1	1	0	1	0	0	5	3	4	13	8	0	6	1	0
2016:2:2:7:XINZHU_3_E	0	1	3	3	0	0	0	7	2	2	10	3	1	5	1	0
2016:2:2:7:XINZHU_3_S	0	0	0	4	0	0	0	5	2	1	18	5	0	2	2	0
2016:2:2:7:XIZHI_A_E	0	0	1	1	0	0	0	4	1	6	8	3	0	3	0	0
2016:2:2:7:XIZHI_B_E	0	0	1	3	0	0	0	5	1	4	14	5	0	1	0	0
2016:2:2:7:XIZHI_S	0	1	0	1	1	0	0	6	1	4	19	5	0	3	3	0
2016:2:2:7:YILAN_E	0	0	1	1	0	0	0	4	0	2	19	2	0	0	0	0
2016:2:2:7:YILAN_S	0	0	1	1	0	0	0	2	2	3	13	5	0	2	0	0
2016:2:2:7:YONGHE_S	0	0	3	2	0	0	0	8	7	10	31	13	0	7	3	0
2016:2:2:7:YULI_E	0	0	3	2	0	0	0	6	1	2	13	6	0	4	2	0
2016:2:2:7:YULI_S	0	0	1	3	0	0	0	4	0	2	10	7	0	5	1	0
2016:2:2:7:ZHONGHE_1_E	0	0	1	1	0	0	0	6	1	7	6	6	0	5	3	0
2016:2:2:7:ZHONGHE_2_E	0	0	4	1	0	0	0	5	3	4	13	5	1	5	1	0
2016:2:2:7:ZHONGHE_2_S	0	0	4	4	0	0	0	13	2	10	7	6	0	4	4	0
2016:2:2:7:ZHONGLI_1_E	0	0	2	2	0	0	0	13	0	3	3	5	0	4	1	0
2016:2:2:7:ZHONGLI_1_S	0	0	0	1	0	0	0	2	2	2	11	7	1	2	1	0
2016:2:2:7:ZHONGLI_2_E	0	0	0	2	0	0	0	3	1	5	6	2	0	2	0	0
2016:2:2:7:ZHUBEI_1_S	0	1	1	3	0	0	0	5	1	3	7	5	0	1	2	0
2016:2:2:7:ZHUBEI_2_E	0	1	0	1	0	0	0	2	1	6	7	1	0	4	2	1
2016:2:2:7:ZHUBEI_2_S	1	0	0	1	1	0	0	2	0	4	6	3	1	4	1	0
2016:2:2:7:ZHUBEI_3_E	0	0	4	4	0	0	0	8	4	4	8	2	0	2	1	0
2016:2:2:7:ZHUDONG_E	0	0	0	4	0	0	0	4	2	3	4	1	1	5	1	0
2016:2:2:7:ZHUDONG_S	1	0	2	0	1	0	0	3	1	14	6	2	1	6	3	0
2016:2:2:7:ZHUNAN_E	0	0	1	0	0	0	0	2	0	6	11	3	0	5	0	0
2016:2:2:7:ZHUNAN_S	0	1	0	0	1	1	1	1	2	8	8	3	3	5	0	0
2016:2:3:7:ANKANG_E	0	1	1	3	1	0	0	6	6	6	7	3	0	5	2	0
2016:2:3:7:ASSISTANTS	0	0	10	11	0	0	0	25	5	7	13	8	3	4	2	0
2016:2:3:7:BADE_A_E	0	0	1	0	0	0	0	1	2	5	4	7	0	5	3	0
2016:2:3:7:BADE_B_E	0	0	1	0	0	0	0	3	1	4	5	4	0	6	2	0
2016:2:3:7:BADE_S	0	0	1	8	0	1	0	10	7	12	0	6	0	1	0	0L
2016:2:3:7:BANQIAO_S	0	0	1	1	0	0	0	4	2	0	8	1	1	1	0	0
2016:2:3:7:BEITOU_E	0	0	3	0	0	0	0	3	7	4	11	7	0	0	1	0
2016:2:3:7:BEITOU_S	0	0	0	2	0	0	0	5	0	10	13	8	0	9	1	0
2016:2:3:7:DANFENG_E	0	1	3	1	0	0	0	5	3	7	2	1	0	7	2	0
2016:2:3:7:DANSHUI_A_E	1	1	0	1	0	0	0	3	1	8	5	3	0	5	1	0
2016:2:3:7:DANSHUI_B_E	1	2	1	1	0	0	0	7	1	10	6	4	0	2	2	0
2016:2:3:7:GUISHAN_E	0	0	1	1	0	0	0	3	3	8	14	9	0	1	1	0
2016:2:3:7:HUALIAN_1_E	0	0	1	4	0	1	1	7	1	5	10	3	0	4	3	0
2016:2:3:7:HUALIAN_1_S	0	1	1	2	0	1	1	6	3	10	25	6	0	3	1	0
2016:2:3:7:HUALIAN_3_A_E	0	0	2	0	0	0	0	3	0	6	8	7	0	1	0	0
2016:2:3:7:HUALIAN_3_B_E	1	0	3	5	0	0	0	9	0	6	7	8	1	4	0	0
2016:2:3:7:HUALIAN_3_S	0	0	0	3	0	0	0	5	1	5	16	6	0	5	3	0
2016:2:3:7:JIAN_E	0	1	3	1	1	0	0	10	5	7	13	10	0	6	2	1
2016:2:3:7:JILONG_A_E	0	0	2	5	0	1	1	7	3	8	8	5	0	11	3	0
2016:2:3:7:JILONG_B_E	0	0	0	6	0	0	0	6	3	10	7	3	0	8	0	0
2016:2:3:7:JINGXIN_E	0	0	3	3	0	0	0	11	3	14	11	8	0	5	2	0
2016:2:3:7:JINGXIN_S	0	1	0	0	1	0	0	1	2	7	4	2	0	2	0	0
2016:2:3:7:LONGTAN_E	0	0	0	2	0	0	0	4	0	4	5	2	0	3	1	0
2016:2:3:7:LUODONG_A_E	0	0	1	0	0	0	0	4	2	9	3	2	0	3	0	0
2016:2:3:7:LUODONG_B_E	0	0	0	4	0	0	0	5	2	7	10	5	0	5	0	0
2016:2:3:7:LUZHOU_A_E	0	0	1	0	0	0	0	4	1	9	11	6	1	5	1	1
2016:2:3:7:LUZHOU_B_E	0	0	1	5	0	0	0	7	1	6	19	9	2	2	0	0
2016:2:3:7:MIAOLI_A_E	0	1	0	1	0	0	0	3	2	12	4	4	0	3	3	0
2016:2:3:7:MIAOLI_B_E	0	1	0	1	0	0	0	2	3	7	5	1	0	1	0	0
2016:2:3:7:MUZHA_E	0	1	1	6	0	0	0	13	5	11	14	10	0	3	2	0
2016:2:3:7:MUZHA_S	1	0	0	2	1	1	1	3	2	5	11	7	0	1	1	0
2016:2:3:7:NEIHU_E	0	0	2	1	0	0	0	3	1	6	6	2	0	3	5	0
2016:2:3:7:NEIHU_S	0	0	1	2	0	0	0	3	0	2	8	6	0	4	2	0
2016:2:3:7:NORTH_JINHUA_E	1	1	2	6	1	0	0	18	6	11	14	10	1	5	1	0
2016:2:3:7:OFFICE_E	0	0	0	3	0	0	0	3	4	2	0	0	1	2	0	0
2016:2:3:7:SANCHONG_E	0	0	2	1	1	0	0	5	1	12	4	5	1	6	1	0
2016:2:3:7:SANCHONG_S	0	0	0	1	0	0	0	3	0	5	11	5	0	5	0	0
2016:2:3:7:SANXIA_A	0	0	2	2	0	0	0	4	3	7	9	8	1	3	0	0
2016:2:3:7:SANXIA_B	0	0	0	7	0	0	0	9	4	7	10	6	0	1	2	0
2016:2:3:7:SHILIN_E	0	0	0	1	0	0	0	6	1	3	17	9	0	4	2	0
2016:2:3:7:SHILIN_S	0	0	0	0	0	0	0	4	0	4	6	5	0	3	1	0
2016:2:3:7:SIYUAN_E	0	0	1	1	0	0	0	3	0	5	11	3	0	2	0	0
2016:2:3:7:SONGSHAN_E	0	0	6	4	0	0	0	11	5	13	12	7	0	7	3	1
2016:2:3:7:SONGSHAN_S	0	0	2	2	0	0	0	5	2	10	7	6	0	5	0	0
2016:2:3:7:TAIDONG_1_E	0	0	2	1	0	0	0	5	3	7	16	6	0	8	3	0
2016:2:3:7:TAIDONG_1_S	0	0	0	0	0	0	0	0	0	4	12	5	0	1	0	0
2016:2:3:7:TAIDONG_2_E	0	0	7	0	1	1	1	7	3	14	14	0	0	2	3	0
2016:2:3:7:TAIDONG_2_S	0	0	0	4	0	0	0	4	0	7	7	7	0	3	1	0
2016:2:3:7:TAIDONG_3_E	0	2	3	0	1	0	0	6	4	5	13	3	0	3	2	0
2016:2:3:7:TAO_1_A	0	1	1	0	0	0	0	2	2	3	5	1	0	1	0	0
2016:2:3:7:TAO_1_B	0	1	0	0	1	0	0	1	2	6	4	3	0	2	1	0
2016:2:3:7:TAO_2_E	0	0	2	0	0	0	0	2	0	4	16	6	0	4	4	0
2016:2:3:7:TAO_2_S	0	0	1	0	0	0	0	8	1	4	10	9	0	3	2	0
2016:2:3:7:TAO_3_E	0	0	0	2	0	0	0	3	2	4	2	6	0	0	0	0
2016:2:3:7:TAO_3_E_ZL	0	0	1	5	0	0	0	7	1	7	15	8	0	3	0	0
2016:2:3:7:TAO_4_E	0	0	1	4	0	0	0	6	1	3	5	3	0	1	1	0
2016:2:3:7:TAO_4_S	0	0	1	3	0	0	0	5	4	14	19	7	0	4	5	0
2016:2:3:7:TIANMU_E	0	0	0	0	0	0	0	0	0	1	8	1	0	3	0	1
2016:2:3:7:TOUFEN_E	0	0	3	2	0	0	0	5	3	7	14	6	1	6	3	0
2016:2:3:7:TOUR_S	0	0	2	0	0	1	1	3	3	17	21	6	0	5	3	0L
2016:2:3:7:TUCHENG_A_S	0	0	1	4	0	0	0	5	2	7	1	2	0	5	3	1
2016:2:3:7:TUCHENG_B_S	0	0	0	1	0	0	0	7	0	5	5	9	0	3	0	0
2016:2:3:7:TUCHENG_E	0	0	2	2	0	1	1	6	4	9	12	8	1	10	2	0
2016:2:3:7:WANDA_A_S	0	0	0	4	0	0	0	5	4	7	12	1	0	1	0	0
2016:2:3:7:WANDA_B_S	0	1	0	0	1	0	0	2	1	6	11	1	1	0	0	0
2016:2:3:7:WANDA_E	0	0	2	2	0	0	0	8	0	11	13	6	0	6	1	0L
2016:2:3:7:XIANGSHAN_A	0	0	0	2	0	0	0	2	0	2	16	6	0	5	2	0
2016:2:3:7:XIANGSHAN_B	0	1	0	0	0	0	0	3	1	7	30	9	0	3	0	0
2016:2:3:7:XINAN_S	0	0	4	2	0	0	0	10	3	9	23	6	0	4	2	0
2016:2:3:7:XINBAN_E	0	1	0	3	0	1	1	7	3	13	8	5	1	2	1	0
2016:2:3:7:XINDIAN_E	0	0	3	1	0	0	0	5	2	8	7	6	0	5	1	0
2016:2:3:7:XINDIAN_S	0	0	5	3	0	1	1	8	3	14	12	7	2	5	0	0
2016:2:3:7:XINPU_E	0	1	2	3	1	0	0	6	3	9	2	0	4	8	3	0
2016:2:3:7:XINPU_S	1	0	2	4	1	0	0	12	3	4	21	14	0	5	2	1
2016:2:3:7:XINZHU_1_E	0	0	2	1	0	0	0	3	1	2	9	7	0	4	2	0
2016:2:3:7:XINZHU_1_S	0	0	1	1	0	1	1	4	1	9	17	6	0	5	4	0
2016:2:3:7:XINZHU_3_E	0	1	4	3	0	0	0	8	3	7	11	4	0	7	0	0
2016:2:3:7:XINZHU_3_S	0	0	0	6	0	0	0	9	5	8	9	8	0	1	2	0
2016:2:3:7:XIZHI_A_E	0	0	0	0	0	0	0	2	3	5	7	4	0	4	1	1
2016:2:3:7:XIZHI_B_E	0	0	1	2	0	0	0	4	0	8	18	4	0	1	0	0
2016:2:3:7:XIZHI_S	0	0	0	1	0	1	1	5	1	11	9	6	0	2	2	0
2016:2:3:7:YILAN_E	0	0	1	0	0	0	0	3	1	5	24	3	0	1	0	0
2016:2:3:7:YILAN_S	0	1	0	2	0	0	0	3	3	9	16	6	0	3	0	0
2016:2:3:7:YONGHE_S	0	0	3	0	0	0	0	6	5	22	19	7	1	8	3	0
2016:2:3:7:YULI_E	0	0	3	2	0	0	0	6	1	5	9	4	0	1	1	0
2016:2:3:7:YULI_S	0	0	1	4	0	0	0	4	1	3	12	6	0	3	2	0
2016:2:3:7:ZHONGHE_1_E	0	0	1	0	0	0	0	4	1	10	7	4	0	6	4	0
2016:2:3:7:ZHONGHE_2_E	0	0	4	2	0	0	0	6	2	8	5	4	0	4	3	0
2016:2:3:7:ZHONGHE_2_S	0	0	3	3	0	0	0	11	3	14	3	4	2	5	2	2
2016:2:3:7:ZHONGLI_1_E	0	0	2	2	0	0	0	16	0	9	0	5	1	5	4	0
2016:2:3:7:ZHONGLI_1_S	0	0	1	0	0	0	0	3	4	8	9	2	1	3	1	0
2016:2:3:7:ZHONGLI_2_E	0	0	2	0	0	0	0	4	4	9	6	1	0	2	1	0
2016:2:3:7:ZHUBEI_1_S	1	0	2	3	1	0	0	6	3	9	10	5	0	2	0	0
2016:2:3:7:ZHUBEI_2_E	1	0	0	0	1	0	0	1	1	3	18	4	0	7	1	0
2016:2:3:7:ZHUBEI_2_S	1	0	0	1	1	0	0	2	1	8	7	8	0	5	2	0
2016:2:3:7:ZHUBEI_3_E	0	1	1	4	1	0	0	6	3	11	5	0	0	0	1	0
2016:2:3:7:ZHUDONG_E	0	0	0	4	0	0	0	4	1	4	3	3	1	7	3	1
2016:2:3:7:ZHUDONG_S	0	0	2	1	0	1	1	3	1	9	4	1	0	6	6	1
2016:2:3:7:ZHUNAN_E	0	0	1	0	0	0	0	1	0	1	2	1	0	3	2	0
2016:2:3:7:ZHUNAN_S	0	1	2	0	1	0	0	3	2	7	10	2	0	4	0	0
