		A	B	C	D	NEXTWEEKBAP	BAP	CONF	BD	SAC	PK	OL	NIMISSFIND	NIMEMREF	RCLA	LAC	RCT
0:0:0:0:HSINCHU	1	0	0	1	1	0	0	2	0	8	7	7	1	5	1	0
2016:1:2:7:CENTRAL	3	4	11	19	1	0	0	51	0	37	90	21	0	13	0	1
2016:1:2:7:EAST	0	2	13	28	8	1	0	59	0	53	48	18	0	28	0	0
2016:1:2:7:HSINCHU	9	4	20	35	7	0	0	85	0	73	94	49	0	35	0	0
2016:1:2:7:HUALIEN	1	1	22	38	6	0	0	73	0	43	58	27	0	20	0	0
2016:1:2:7:NORTH	2	2	6	18	2	0	0	32	0	23	42	18	0	13	0	0
2016:1:2:7:SOUTH	1	1	11	33	8	8	0	55	0	45	61	28	0	13	0	0
2016:1:2:7:TAOYUAN	2	3	15	35	6	1	0	84	0	52	68	35	0	25	0	0
2016:1:2:7:WEST	1	5	9	19	4	0	0	40	0	47	68	18	0	21	0	0
2016:1:4:7:CENTRAL	4	2	18	23	6	0	0	65	13	81	159	49	0	31	6	1
2016:1:4:7:EAST	0	2	16	33	18	1	1	66	27	97	118	57	0	56	7	0
2016:1:4:7:HSINCHU	6	2	19	31	10	6	3	76	21	107	143	65	0	65	19	0
2016:1:4:7:HUALIEN	0	3	26	41	6	1	1	87	24	91	146	64	0	53	17	4
2016:1:4:7:NORTH	2	1	6	18	2	1	1	31	9	37	84	34	0	27	11	0
2016:1:4:7:SOUTH	0	2	14	39	13	1	1	77	22	91	131	65	0	36	9	0
2016:1:4:7:TAOYUAN	2	2	19	34	4	1	1	84	18	89	154	67	0	53	10	0
2016:1:4:7:WEST	0	5	12	24	4	2	2	52	16	75	121	46	0	46	20	0
2016:1:5:7:CENTRAL	0	0	20	22	0	4	4	57	12	66	179	45	0	42	7	1
2016:1:5:7:EAST	0	3	14	32	1	3	3	60	21	110	115	59	0	53	24	1
2016:1:5:7:HSINCHU	2	2	24	40	3	4	4	81	36	110	168	59	0	62	22	1
2016:1:5:7:HUALIEN	1	2	28	30	3	0	0	82	27	87	153	53	0	46	12	4
2016:1:5:7:NORTH	1	3	2	13	1	0	0	25	5	37	73	27	0	28	6	0
2016:1:5:7:SOUTH	0	0	23	29	0	1	1	72	29	85	145	77	0	43	17	0
2016:1:5:7:TAOYUAN	3	1	19	30	2	2	2	81	18	84	147	53	0	64	11	1
2016:1:5:7:WEST	0	3	13	31	0	3	3	58	17	62	137	50	0	35	10	0
2016:2:1:7:CENTRAL	0	1	20	32	0	0	0	76	15	86	156	71	4	41	5	5
2016:2:1:7:EAST	0	2	18	40	0	1	0	70	24	92	163	68	0	49	11	1
2016:2:1:7:HSINCHU	2	4	25	30	0	0	0	73	18	100	206	74	0	70	19	0
2016:2:1:7:HUALIEN	0	3	23	34	1	1	1	74	16	68	128	47	1	38	7	0
2016:2:1:7:NORTH	2	3	4	10	0	0	0	31	5	46	55	21	2	24	6	0
2016:2:1:7:SOUTH	0	1	25	34	0	0	0	81	17	87	130	71	0	43	13	0
2016:2:1:7:TAOYUAN	3	0	15	32	0	1	1	82	15	85	171	57	0	43	12	0
2016:2:1:7:WEST	1	3	17	26	0	0	0	58	13	71	118	43	1	52	16	0
2016:2:2:7:CENTRAL	0	2	22	26	1	0	0	81	22	76	120	63	8	41	12	1
2016:2:2:7:EAST	0	2	14	34	2	1	2	63	21	57	135	47	2	49	17	0
2016:2:2:7:HSINCHU	2	6	17	24	4	2	2	57	27	84	155	55	8	61	20	1
2016:2:2:7:HUALIEN	3	4	26	32	4	0	0	77	21	63	117	58	8	44	21	0
2016:2:2:7:NORTH	2	4	4	9	0	0	0	28	13	36	64	30	5	20	9	0
2016:2:2:7:SOUTH	0	2	29	27	2	0	0	80	34	90	125	75	2	46	20	0
2016:2:2:7:TAOYUAN	2	1	9	35	1	1	1	80	28	57	145	68	5	53	24	0
2016:2:2:7:WEST	1	5	15	24	1	0	0	58	24	40	66	33	3	39	15	0
2016:2:3:7:CENTRAL	1	2	24	35	3	1	1	93	29	102	152	63	10	45	11	1
2016:2:3:7:EAST	0	1	16	29	0	2	2	61	26	103	135	59	0	57	16	2
2016:2:3:7:HSINCHU	3	6	18	30	5	2	2	65	31	113	174	75	2	69	31	2
2016:2:3:7:HUALIEN	1	4	26	26	3	3	3	72	22	84	162	71	1	44	21	1
2016:2:3:7:NORTH	2	3	4	5	0	0	0	28	10	40	66	37	0	26	8	1
2016:2:3:7:SOUTH	1	3	24	23	3	2	2	74	34	119	100	62	5	49	20	2
2016:2:3:7:TAOYUAN	0	2	16	27	1	1	0	78	34	104	119	79	2	44	26	0
2016:2:3:7:WEST	1	3	14	29	2	2	2	68	27	73	89	57	8	47	15	2
